      0.00       -7.11       -0.68       -1.25
      2.04       -6.97        0.83       -1.75
      4.08       -6.80        2.33       -2.23
      6.12       -6.62        3.83       -2.71
      8.16       -6.41        5.32       -3.17
     10.21       -6.20        6.80       -3.63
     12.25       -5.97        8.27       -4.07
     14.29       -5.73        9.72       -4.51
     16.33       -5.49       11.17       -4.94
     18.37       -5.24       12.60       -5.36
     20.41       -4.98       14.02       -5.78
     22.45       -4.72       15.43       -6.19
     24.49       -4.46       16.82       -6.60
     26.54       -4.20       18.21       -7.00
     28.58       -3.93       19.59       -7.40
     30.62       -3.66       20.96       -7.79
     32.66       -3.39       22.32       -8.18
     34.70       -3.12       23.67       -8.57
     36.74       -2.85       25.02       -8.95
     38.78       -2.57       26.35       -9.33
     40.82       -2.30       27.68       -9.71
     42.87       -2.02       29.00      -10.09
     44.91       -1.75       30.32      -10.46
     46.95       -1.47       31.62      -10.83
     48.99       -1.20       32.92      -11.19
     51.03       -0.92       34.22      -11.56
     53.07       -0.64       35.50      -11.92
     55.11       -0.37       36.78      -12.28
     57.15       -0.09       38.06      -12.64
     59.19        0.19       39.33      -12.99
     61.24        0.46       40.59      -13.35
     63.28        0.74       41.85      -13.70
     65.32        1.02       43.10      -14.05
     67.36        1.29       44.34      -14.40
     69.40        1.57       45.58      -14.75
     71.44        1.85       46.82      -15.09
     73.48        2.12       48.05      -15.43
     75.52        2.40       49.28      -15.78
     77.57        2.67       50.50      -16.12
     79.61        2.95       51.72      -16.45
     81.65        3.22       52.93      -16.79
     83.69        3.50       54.14      -17.13
     85.73        3.77       55.34      -17.46
     87.77        4.05       56.54      -17.80
     89.81        4.32       57.74      -18.13
     91.85        4.60       58.93      -18.46
     93.90        4.87       60.12      -18.79
     95.94        5.14       61.30      -19.12
     97.98        5.41       62.48      -19.44
    100.02        5.69       63.66      -19.77
    102.06        5.96       64.83      -20.09
    104.10        6.23       66.00      -20.42
    106.14        6.50       67.17      -20.74
    108.18        6.77       68.33      -21.06
    110.22        7.04       69.49      -21.38
    112.27        7.31       70.65      -21.70
    114.31        7.58       71.80      -22.02
    116.35        7.85       72.95      -22.33
    118.39        8.12       74.09      -22.65
    120.43        8.39       75.23      -22.96
    122.47        8.66       76.37      -23.28
    124.51        8.93       77.51      -23.59
    126.55        9.20       78.64      -23.90
    128.60        9.46       79.77      -24.21
    130.64        9.73       80.90      -24.53
    132.68       10.00       82.02      -24.83
    134.72       10.26       83.15      -25.14
    136.76       10.53       84.27      -25.45
    138.80       10.80       85.38      -25.76
    140.84       11.06       86.49      -26.06
    142.88       11.33       87.61      -26.37
    144.93       11.59       88.71      -26.67
    146.97       11.85       89.82      -26.98
    149.01       12.12       90.92      -27.28
    151.05       12.38       92.02      -27.58
    153.09       12.65       93.12      -27.88
    155.13       12.91       94.21      -28.18
    157.17       13.17       95.31      -28.48
    159.21       13.43       96.40      -28.78
    161.25       13.70       97.48      -29.08
    163.30       13.96       98.57      -29.38
    165.34       14.22       99.65      -29.68
    167.38       14.48      100.73      -29.97
    169.42       14.74      101.81      -30.27
    171.46       15.00      102.89      -30.56
    173.50       15.26      103.96      -30.86
    175.54       15.52      105.03      -31.15
    177.58       15.78      106.10      -31.44
    179.63       16.04      107.17      -31.73
    181.67       16.30      108.23      -32.03
    183.71       16.56      109.29      -32.32
    185.75       16.81      110.35      -32.61
    187.79       17.07      111.41      -32.90
    189.83       17.33      112.47      -33.19
    191.87       17.59      113.52      -33.47
    193.91       17.84      114.58      -33.76
    195.96       18.10      115.63      -34.05
    198.00       18.36      116.67      -34.34
    200.04       18.61      117.72      -34.62
    202.08       18.87      118.76      -34.91
    204.12       19.12      119.81      -35.19
    206.16       19.38      120.85      -35.48
    208.20       19.63      121.88      -35.76
    210.24       19.89      122.92      -36.04
    212.28       20.14      123.96      -36.32
    214.33       20.39      124.99      -36.61
    216.37       20.65      126.02      -36.89
    218.41       20.90      127.05      -37.17
    220.45       21.15      128.07      -37.45
    222.49       21.41      129.10      -37.73
    224.53       21.66      130.12      -38.01
    226.57       21.91      131.15      -38.29
    228.61       22.16      132.17      -38.57
    230.66       22.41      133.18      -38.84
    232.70       22.66      134.20      -39.12
    234.74       22.91      135.21      -39.40
    236.78       23.16      136.23      -39.67
    238.82       23.41      137.24      -39.95
    240.86       23.66      138.25      -40.22
    242.90       23.91      139.26      -40.50
    244.94       24.16      140.26      -40.77
    246.99       24.41      141.27      -41.05
    249.03       24.66      142.27      -41.32
    251.07       24.91      143.27      -41.59
    253.11       25.16      144.27      -41.86
    255.15       25.40      145.27      -42.14
    257.19       25.65      146.27      -42.41
    259.23       25.90      147.26      -42.68
    261.27       26.15      148.25      -42.95
    263.31       26.39      149.25      -43.22
    265.36       26.64      150.24      -43.49
    267.40       26.89      151.22      -43.76
    269.44       27.13      152.21      -44.03
    271.48       27.38      153.20      -44.30
    273.52       27.62      154.18      -44.56
    275.56       27.87      155.16      -44.83
    277.60       28.11      156.15      -45.10
    279.64       28.36      157.13      -45.36
    281.69       28.60      158.10      -45.63
    283.73       28.85      159.08      -45.90
    285.77       29.09      160.06      -46.16
    287.81       29.33      161.03      -46.43
    289.85       29.58      162.00      -46.69
    291.89       29.82      162.97      -46.95
    293.93       30.06      163.94      -47.22
    295.97       30.30      164.91      -47.48
    298.02       30.55      165.88      -47.74
    300.06       30.79      166.84      -48.01
    302.10       31.03      167.81      -48.27
    304.14       31.27      168.77      -48.53
    306.18       31.51      169.73      -48.79
    308.22       31.75      170.69      -49.05
    310.26       31.99      171.65      -49.31
    312.30       32.24      172.61      -49.57
    314.34       32.48      173.56      -49.83
    316.39       32.72      174.52      -50.09
    318.43       32.96      175.47      -50.35
    320.47       33.19      176.42      -50.61
    322.51       33.43      177.37      -50.87
    324.55       33.67      178.32      -51.12
    326.59       33.91      179.27      -51.38
    328.63       34.15      180.22      -51.64
    330.67       34.39      181.16      -51.90
    332.72       34.63      182.11      -52.15
    334.76       34.86      183.05      -52.41
    336.80       35.10      183.99      -52.66
    338.84       35.34      184.93      -52.92
    340.88       35.58      185.87      -53.17
    342.92       35.81      186.81      -53.43
    344.96       36.05      187.75      -53.68
    347.00       36.29      188.68      -53.94
    349.05       36.52      189.62      -54.19
    351.09       36.76      190.55      -54.44
    353.13       36.99      191.48      -54.70
    355.17       37.23      192.41      -54.95
    357.21       37.46      193.34      -55.20
    359.25       37.70      194.27      -55.45
    361.29       37.93      195.20      -55.70
    363.33       38.17      196.12      -55.95
    365.37       38.40      197.05      -56.20
    367.42       38.64      197.97      -56.46
    369.46       38.87      198.90      -56.71
    371.50       39.10      199.82      -56.95
    373.54       39.34      200.74      -57.20
    375.58       39.57      201.66      -57.45
    377.62       39.80      202.57      -57.70
    379.66       40.04      203.49      -57.95
    381.70       40.27      204.41      -58.20
    383.75       40.50      205.32      -58.45
    385.79       40.73      206.24      -58.69
    387.83       40.96      207.15      -58.94
    389.87       41.20      208.06      -59.19
    391.91       41.43      208.97      -59.43
    393.95       41.66      209.88      -59.68
    395.99       41.89      210.79      -59.93
    398.03       42.12      211.69      -60.17
    400.08       42.35      212.60      -60.42
    402.12       42.58      213.50      -60.66
    404.16       42.81      214.41      -60.91
    406.20       43.04      215.31      -61.15
    408.24       43.27      216.21      -61.40
    410.28       43.50      217.11      -61.64
    412.32       43.73      218.01      -61.88
    414.36       43.96      218.91      -62.13
    416.40       44.19      219.81      -62.37
    418.45       44.42      220.70      -62.61
    420.49       44.64      221.60      -62.85
    422.53       44.87      222.49      -63.10
    424.57       45.10      223.39      -63.34
    426.61       45.33      224.28      -63.58
    428.65       45.56      225.17      -63.82
    430.69       45.78      226.06      -64.06
    432.73       46.01      226.95      -64.30
    434.78       46.24      227.84      -64.54
    436.82       46.46      228.72      -64.78
    438.86       46.69      229.61      -65.02
    440.90       46.92      230.50      -65.26
    442.94       47.14      231.38      -65.50
    444.98       47.37      232.26      -65.74
    447.02       47.60      233.15      -65.98
    449.06       47.82      234.03      -66.22
    451.11       48.05      234.91      -66.45
    453.15       48.27      235.79      -66.69
    455.19       48.50      236.67      -66.93
    457.23       48.72      237.54      -67.17
    459.27       48.95      238.42      -67.40
    461.31       49.17      239.29      -67.64
    463.35       49.39      240.17      -67.88
    465.39       49.62      241.04      -68.11
    467.43       49.84      241.92      -68.35
    469.48       50.07      242.79      -68.59
    471.52       50.29      243.66      -68.82
    473.56       50.51      244.53      -69.06
    475.60       50.74      245.40      -69.29
    477.64       50.96      246.26      -69.53
    479.68       51.18      247.13      -69.76
    481.72       51.40      248.00      -69.99
    483.76       51.63      248.86      -70.23
    485.81       51.85      249.73      -70.46
    487.85       52.07      250.59      -70.69
    489.89       52.29      251.45      -70.93
    491.93       52.51      252.31      -71.16
    493.97       52.73      253.18      -71.39
    496.01       52.95      254.04      -71.62
    498.05       53.18      254.89      -71.86
    500.09       53.40      255.75      -72.09
    502.14       53.62      256.61      -72.32
    504.18       53.84      257.47      -72.55
    506.22       54.06      258.32      -72.78
    508.26       54.28      259.18      -73.01
    510.30       54.50      260.03      -73.24
    512.34       54.72      260.88      -73.47
    514.38       54.94      261.73      -73.70
    516.42       55.16      262.58      -73.93
    518.46       55.38      263.43      -74.16
    520.51       55.59      264.28      -74.39
    522.55       55.81      265.13      -74.62
    524.59       56.03      265.98      -74.85
    526.63       56.25      266.83      -75.08
    528.67       56.47      267.67      -75.31
    530.71       56.69      268.52      -75.54
    532.75       56.90      269.36      -75.76
    534.79       57.12      270.20      -75.99
    536.84       57.34      271.05      -76.22
    538.88       57.56      271.89      -76.45
    540.92       57.77      272.73      -76.67
    542.96       57.99      273.57      -76.90
    545.00       58.21      274.41      -77.13
    547.04       58.42      275.25      -77.35
    549.08       58.64      276.08      -77.58
    551.12       58.86      276.92      -77.80
    553.17       59.07      277.76      -78.03
    555.21       59.29      278.59      -78.25
    557.25       59.50      279.43      -78.48
    559.29       59.72      280.26      -78.70
    561.33       59.94      281.09      -78.93
    563.37       60.15      281.92      -79.15
    565.41       60.37      282.75      -79.38
    567.45       60.58      283.58      -79.60
    569.49       60.80      284.41      -79.82
    571.54       61.01      285.24      -80.05
    573.58       61.22      286.07      -80.27
    575.62       61.44      286.90      -80.49
    577.66       61.65      287.72      -80.72
    579.70       61.87      288.55      -80.94
    581.74       62.08      289.37      -81.16
    583.78       62.29      290.20      -81.38
    585.82       62.51      291.02      -81.61
    587.87       62.72      291.84      -81.83
    589.91       62.93      292.66      -82.05
    591.95       63.15      293.49      -82.27
    593.99       63.36      294.31      -82.49
    596.03       63.57      295.12      -82.71
    598.07       63.78      295.94      -82.93
    600.11       64.00      296.76      -83.15
    602.15       64.21      297.58      -83.37
    604.20       64.42      298.39      -83.59
    606.24       64.63      299.21      -83.81
    608.28       64.84      300.02      -84.03
    610.32       65.05      300.84      -84.25
    612.36       65.27      301.65      -84.47
    614.40       65.48      302.46      -84.69
    616.44       65.69      303.28      -84.91
    618.48       65.90      304.09      -85.13
    620.52       66.11      304.90      -85.35
    622.57       66.32      305.71      -85.56
    624.61       66.53      306.51      -85.78
    626.65       66.74      307.32      -86.00
    628.69       66.95      308.13      -86.22
    630.73       67.16      308.94      -86.43
    632.77       67.37      309.74      -86.65
    634.81       67.58      310.55      -86.87
    636.85       67.79      311.35      -87.09
    638.90       68.00      312.15      -87.30
    640.94       68.21      312.96      -87.52
    642.98       68.41      313.76      -87.73
    645.02       68.62      314.56      -87.95
    647.06       68.83      315.36      -88.17
    649.10       69.04      316.16      -88.38
    651.14       69.25      316.96      -88.60
    653.18       69.46      317.76      -88.81
    655.23       69.66      318.56      -89.03
    657.27       69.87      319.35      -89.24
    659.31       70.08      320.15      -89.46
    661.35       70.29      320.95      -89.67
    663.39       70.49      321.74      -89.88
    665.43       70.70      322.54      -90.10
    667.47       70.91      323.33      -90.31
    669.51       71.12      324.12      -90.52
    671.55       71.32      324.91      -90.74
    673.60       71.53      325.71      -90.95
    675.64       71.73      326.50      -91.16
    677.68       71.94      327.29      -91.38
    679.72       72.15      328.08      -91.59
    681.76       72.35      328.87      -91.80
    683.80       72.56      329.65      -92.01
    685.84       72.76      330.44      -92.23
    687.88       72.97      331.23      -92.44
    689.93       73.17      332.01      -92.65
    691.97       73.38      332.80      -92.86
    694.01       73.59      333.58      -93.07
    696.05       73.79      334.37      -93.28
    698.09       73.99      335.15      -93.49
    700.13       74.20      335.93      -93.70
    702.17       74.40      336.72      -93.91
    704.21       74.61      337.50      -94.12
    706.26       74.81      338.28      -94.33
    708.30       75.02      339.06      -94.54
    710.34       75.22      339.84      -94.75
    712.38       75.42      340.62      -94.96
    714.42       75.63      341.39      -95.17
    716.46       75.83      342.17      -95.38
    718.50       76.03      342.95      -95.59
    720.54       76.24      343.72      -95.80
    722.58       76.44      344.50      -96.01
    724.63       76.64      345.27      -96.22
    726.67       76.85      346.05      -96.42
    728.71       77.05      346.82      -96.63
    730.75       77.25      347.59      -96.84
    732.79       77.45      348.37      -97.05
    734.83       77.65      349.14      -97.26
    736.87       77.86      349.91      -97.46
    738.91       78.06      350.68      -97.67
    740.96       78.26      351.45      -97.88
    743.00       78.46      352.22      -98.08
    745.04       78.66      352.98      -98.29
    747.08       78.86      353.75      -98.50
    749.12       79.06      354.52      -98.70
    751.16       79.27      355.29      -98.91
    753.20       79.47      356.05      -99.12
    755.24       79.67      356.82      -99.32
    757.29       79.87      357.58      -99.53
    759.33       80.07      358.34      -99.73
    761.37       80.27      359.11      -99.94
    763.41       80.47      359.87     -100.14
    765.45       80.67      360.63     -100.35
    767.49       80.87      361.39     -100.55
    769.53       81.07      362.15     -100.76
    771.57       81.27      362.91     -100.96
    773.61       81.47      363.67     -101.16
    775.66       81.67      364.43     -101.37
    777.70       81.87      365.19     -101.57
    779.74       82.06      365.95     -101.78
    781.78       82.26      366.71     -101.98
    783.82       82.46      367.46     -102.18
    785.86       82.66      368.22     -102.39
    787.90       82.86      368.97     -102.59
    789.94       83.06      369.73     -102.79
    791.99       83.26      370.48     -102.99
    794.03       83.45      371.23     -103.20
    796.07       83.65      371.99     -103.40
    798.11       83.85      372.74     -103.60
    800.15       84.05      373.49     -103.80
    802.19       84.24      374.24     -104.00
    804.23       84.44      374.99     -104.21
    806.27       84.64      375.74     -104.41
    808.32       84.84      376.49     -104.61
    810.36       85.03      377.24     -104.81
    812.40       85.23      377.99     -105.01
    814.44       85.43      378.73     -105.21
    816.48       85.62      379.48     -105.41
    818.52       85.82      380.23     -105.61
    820.56       86.02      380.97     -105.81
    822.60       86.21      381.72     -106.01
    824.64       86.41      382.46     -106.21
    826.69       86.60      383.21     -106.41
    828.73       86.80      383.95     -106.61
    830.77       86.99      384.69     -106.81
    832.81       87.19      385.43     -107.01
    834.85       87.39      386.18     -107.21
    836.89       87.58      386.92     -107.41
    838.93       87.78      387.66     -107.61
    840.97       87.97      388.40     -107.81
    843.02       88.17      389.14     -108.01
    845.06       88.36      389.87     -108.20
    847.10       88.55      390.61     -108.40
    849.14       88.75      391.35     -108.60
    851.18       88.94      392.09     -108.80
    853.22       89.14      392.82     -109.00
    855.26       89.33      393.56     -109.19
    857.30       89.53      394.29     -109.39
    859.35       89.72      395.03     -109.59
    861.39       89.91      395.76     -109.78
    863.43       90.11      396.50     -109.98
    865.47       90.30      397.23     -110.18
    867.51       90.49      397.96     -110.37
    869.55       90.69      398.69     -110.57
    871.59       90.88      399.42     -110.77
    873.63       91.07      400.15     -110.96
    875.67       91.26      400.88     -111.16
    877.72       91.46      401.61     -111.36
    879.76       91.65      402.34     -111.55
    881.80       91.84      403.07     -111.75
    883.84       92.03      403.80     -111.94
    885.88       92.23      404.53     -112.14
    887.92       92.42      405.25     -112.33
    889.96       92.61      405.98     -112.53
    892.00       92.80      406.70     -112.72
    894.05       92.99      407.43     -112.92
    896.09       93.19      408.15     -113.11
    898.13       93.38      408.88     -113.31
    900.17       93.57      409.60     -113.50
    902.21       93.76      410.32     -113.69
    904.25       93.95      411.05     -113.89
    906.29       94.14      411.77     -114.08
    908.33       94.33      412.49     -114.27
    910.38       94.52      413.21     -114.47
    912.42       94.71      413.93     -114.66
    914.46       94.90      414.65     -114.85
    916.50       95.09      415.37     -115.05
    918.54       95.28      416.09     -115.24
    920.58       95.47      416.80     -115.43
    922.62       95.66      417.52     -115.62
    924.66       95.85      418.24     -115.82
    926.70       96.04      418.96     -116.01
    928.75       96.23      419.67     -116.20
    930.79       96.42      420.39     -116.39
    932.83       96.61      421.10     -116.58
    934.87       96.80      421.82     -116.78
    936.91       96.99      422.53     -116.97
    938.95       97.18      423.24     -117.16
    940.99       97.37      423.95     -117.35
    943.03       97.56      424.67     -117.54
    945.08       97.74      425.38     -117.73
    947.12       97.93      426.09     -117.92
    949.16       98.12      426.80     -118.11
    951.20       98.31      427.51     -118.30
    953.24       98.50      428.22     -118.49
    955.28       98.68      428.93     -118.68
    957.32       98.87      429.64     -118.87
    959.36       99.06      430.34     -119.06
    961.41       99.25      431.05     -119.25
    963.45       99.44      431.76     -119.44
    965.49       99.62      432.46     -119.63
    967.53       99.81      433.17     -119.82
    969.57      100.00      433.88     -120.01
    971.61      100.18      434.58     -120.20
    973.65      100.37      435.29     -120.39
    975.69      100.56      435.99     -120.58
    977.73      100.74      436.69     -120.77
    979.78      100.93      437.39     -120.95
    981.82      101.12      438.10     -121.14
    983.86      101.30      438.80     -121.33
    985.90      101.49      439.50     -121.52
    987.94      101.68      440.20     -121.71
    989.98      101.86      440.90     -121.89
    992.02      102.05      441.60     -122.08
    994.06      102.23      442.30     -122.27
    996.11      102.42      443.00     -122.46
    998.15      102.60      443.70     -122.64
   1000.19      102.79      444.39     -122.83
   1002.23      102.97      445.09     -123.02
   1004.27      103.16      445.79     -123.20
   1006.31      103.34      446.48     -123.39
   1008.35      103.53      447.18     -123.58
   1010.39      103.71      447.87     -123.76
   1012.44      103.90      448.57     -123.95
   1014.48      104.08      449.26     -124.14
   1016.52      104.27      449.96     -124.32
   1018.56      104.45      450.65     -124.51
   1020.60      104.64      451.34     -124.69
   1022.64      104.82      452.03     -124.88
   1024.68      105.00      452.73     -125.06
   1026.72      105.19      453.42     -125.25
   1028.76      105.37      454.11     -125.43
   1030.81      105.55      454.80     -125.62
   1032.85      105.74      455.49     -125.80
   1034.89      105.92      456.18     -125.99
   1036.93      106.10      456.87     -126.17
   1038.97      106.29      457.55     -126.36
   1041.01      106.47      458.24     -126.54
   1043.05      106.65      458.93     -126.73
   1045.09      106.84      459.62     -126.91
   1047.14      107.02      460.30     -127.09
   1049.18      107.20      460.99     -127.28
   1051.22      107.38      461.67     -127.46
   1053.26      107.57      462.36     -127.64
   1055.30      107.75      463.04     -127.83
   1057.34      107.93      463.73     -128.01
   1059.38      108.11      464.41     -128.19
   1061.42      108.29      465.09     -128.38
   1063.47      108.48      465.77     -128.56
   1065.51      108.66      466.46     -128.74
   1067.55      108.84      467.14     -128.92
   1069.59      109.02      467.82     -129.11
   1071.63      109.20      468.50     -129.29
   1073.67      109.38      469.18     -129.47
   1075.71      109.57      469.86     -129.65
   1077.75      109.75      470.54     -129.84
   1079.79      109.93      471.22     -130.02
   1081.84      110.11      471.89     -130.20
   1083.88      110.29      472.57     -130.38
   1085.92      110.47      473.25     -130.56
   1087.96      110.65      473.93     -130.74
   1090.00      110.83      474.60     -130.92
   1092.04      111.01      475.28     -131.10
   1094.08      111.19      475.95     -131.29
   1096.12      111.37      476.63     -131.47
   1098.17      111.55      477.30     -131.65
   1100.21      111.73      477.98     -131.83
   1102.25      111.91      478.65     -132.01
   1104.29      112.09      479.32     -132.19
   1106.33      112.27      480.00     -132.37
   1108.37      112.45      480.67     -132.55
   1110.41      112.63      481.34     -132.73
   1112.45      112.81      482.01     -132.91
   1114.50      112.99      482.68     -133.09
   1116.54      113.16      483.35     -133.27
   1118.58      113.34      484.02     -133.45
   1120.62      113.52      484.69     -133.62
   1122.66      113.70      485.36     -133.80
   1124.70      113.88      486.03     -133.98
   1126.74      114.06      486.69     -134.16
   1128.78      114.24      487.36     -134.34
   1130.82      114.41      488.03     -134.52
   1132.87      114.59      488.69     -134.70
   1134.91      114.77      489.36     -134.88
   1136.95      114.95      490.03     -135.05
   1138.99      115.13      490.69     -135.23
   1141.03      115.30      491.36     -135.41
   1143.07      115.48      492.02     -135.59
   1145.11      115.66      492.68     -135.76
   1147.15      115.83      493.35     -135.94
   1149.20      116.01      494.01     -136.12
   1151.24      116.19      494.67     -136.30
   1153.28      116.37      495.33     -136.47
   1155.32      116.54      496.00     -136.65
   1157.36      116.72      496.66     -136.83
   1159.40      116.90      497.32     -137.00
   1161.44      117.07      497.98     -137.18
   1163.48      117.25      498.64     -137.36
   1165.53      117.43      499.30     -137.53
   1167.57      117.60      499.96     -137.71
   1169.61      117.78      500.61     -137.89
   1171.65      117.95      501.27     -138.06
   1173.69      118.13      501.93     -138.24
   1175.73      118.31      502.59     -138.41
   1177.77      118.48      503.24     -138.59
   1179.81      118.66      503.90     -138.77
   1181.85      118.83      504.55     -138.94
   1183.90      119.01      505.21     -139.12
   1185.94      119.18      505.86     -139.29
   1187.98      119.36      506.52     -139.47
   1190.02      119.53      507.17     -139.64
   1192.06      119.71      507.83     -139.82
   1194.10      119.88      508.48     -139.99
   1196.14      120.06      509.13     -140.17
   1198.18      120.23      509.78     -140.34
   1200.23      120.41      510.43     -140.51
   1202.27      120.58      511.09     -140.69
   1204.31      120.76      511.74     -140.86
   1206.35      120.93      512.39     -141.04
   1208.39      121.11      513.04     -141.21
   1210.43      121.28      513.69     -141.38
   1212.47      121.45      514.34     -141.56
   1214.51      121.63      514.98     -141.73
   1216.56      121.80      515.63     -141.90
   1218.60      121.97      516.28     -142.08
   1220.64      122.15      516.93     -142.25
   1222.68      122.32      517.57     -142.42
   1224.72      122.50      518.22     -142.60
   1226.76      122.67      518.87     -142.77
   1228.80      122.84      519.51     -142.94
   1230.84      123.01      520.16     -143.11
   1232.88      123.19      520.80     -143.29
   1234.93      123.36      521.45     -143.46
   1236.97      123.53      522.09     -143.63
   1239.01      123.71      522.73     -143.80
   1241.05      123.88      523.38     -143.98
   1243.09      124.05      524.02     -144.15
   1245.13      124.22      524.66     -144.32
   1247.17      124.40      525.30     -144.49
   1249.21      124.57      525.95     -144.66
   1251.26      124.74      526.59     -144.83
   1253.30      124.91      527.23     -145.00
   1255.34      125.08      527.87     -145.18
   1257.38      125.25      528.51     -145.35
   1259.42      125.43      529.15     -145.52
   1261.46      125.60      529.78     -145.69
   1263.50      125.77      530.42     -145.86
   1265.54      125.94      531.06     -146.03
   1267.59      126.11      531.70     -146.20
   1269.63      126.28      532.34     -146.37
   1271.67      126.45      532.97     -146.54
   1273.71      126.63      533.61     -146.71
   1275.75      126.80      534.24     -146.88
   1277.79      126.97      534.88     -147.05
   1279.83      127.14      535.52     -147.22
   1281.87      127.31      536.15     -147.39
   1283.91      127.48      536.78     -147.56
   1285.96      127.65      537.42     -147.73
   1288.00      127.82      538.05     -147.90
   1290.04      127.99      538.68     -148.07
   1292.08      128.16      539.32     -148.24
   1294.12      128.33      539.95     -148.41
   1296.16      128.50      540.58     -148.57
   1298.20      128.67      541.21     -148.74
   1300.24      128.84      541.84     -148.91
   1302.29      129.01      542.47     -149.08
   1304.33      129.18      543.10     -149.25
   1306.37      129.35      543.73     -149.42
   1308.41      129.52      544.36     -149.58
   1310.45      129.69      544.99     -149.75
   1312.49      129.85      545.62     -149.92
   1314.53      130.02      546.25     -150.09
   1316.57      130.19      546.88     -150.26
   1318.62      130.36      547.50     -150.42
   1320.66      130.53      548.13     -150.59
   1322.70      130.70      548.76     -150.76
   1324.74      130.87      549.38     -150.93
   1326.78      131.04      550.01     -151.09
   1328.82      131.20      550.63     -151.26
   1330.86      131.37      551.26     -151.43
   1332.90      131.54      551.88     -151.59
   1334.94      131.71      552.51     -151.76
   1336.99      131.88      553.13     -151.93
   1339.03      132.04      553.75     -152.09
   1341.07      132.21      554.38     -152.26
   1343.11      132.38      555.00     -152.43
   1345.15      132.55      555.62     -152.59
   1347.19      132.71      556.24     -152.76
   1349.23      132.88      556.86     -152.92
   1351.27      133.05      557.48     -153.09
   1353.32      133.22      558.10     -153.26
   1355.36      133.38      558.72     -153.42
   1357.40      133.55      559.34     -153.59
   1359.44      133.72      559.96     -153.75
   1361.48      133.88      560.58     -153.92
   1363.52      134.05      561.20     -154.08
   1365.56      134.22      561.82     -154.25
   1367.60      134.38      562.44     -154.41
   1369.65      134.55      563.05     -154.58
   1371.69      134.72      563.67     -154.74
   1373.73      134.88      564.29     -154.91
   1375.77      135.05      564.90     -155.07
   1377.81      135.21      565.52     -155.24
   1379.85      135.38      566.13     -155.40
   1381.89      135.55      566.75     -155.56
   1383.93      135.71      567.36     -155.73
   1385.97      135.88      567.98     -155.89
   1388.02      136.04      568.59     -156.06
   1390.06      136.21      569.20     -156.22
   1392.10      136.37      569.82     -156.38
   1394.14      136.54      570.43     -156.55
   1396.18      136.70      571.04     -156.71
   1398.22      136.87      571.65     -156.87
   1400.26      137.03      572.26     -157.04
   1402.30      137.20      572.87     -157.20
   1404.35      137.36      573.48     -157.36
   1406.39      137.53      574.09     -157.53
   1408.43      137.69      574.70     -157.69
   1410.47      137.86      575.31     -157.85
   1412.51      138.02      575.92     -158.01
   1414.55      138.19      576.53     -158.18
   1416.59      138.35      577.14     -158.34
   1418.63      138.51      577.75     -158.50
   1420.68      138.68      578.35     -158.66
   1422.72      138.84      578.96     -158.83
   1424.76      139.01      579.57     -158.99
   1426.80      139.17      580.17     -159.15
   1428.84      139.33      580.78     -159.31
   1430.88      139.50      581.39     -159.47
   1432.92      139.66      581.99     -159.63
   1434.96      139.82      582.60     -159.80
   1437.00      139.99      583.20     -159.96
   1439.05      140.15      583.80     -160.12
   1441.09      140.31      584.41     -160.28
   1443.13      140.48      585.01     -160.44
   1445.17      140.64      585.61     -160.60
   1447.21      140.80      586.22     -160.76
   1449.25      140.97      586.82     -160.92
   1451.29      141.13      587.42     -161.08
   1453.33      141.29      588.02     -161.24
   1455.38      141.45      588.62     -161.40
   1457.42      141.62      589.22     -161.56
   1459.46      141.78      589.82     -161.72
   1461.50      141.94      590.42     -161.88
   1463.54      142.10      591.02     -162.04
   1465.58      142.26      591.62     -162.20
   1467.62      142.43      592.22     -162.36
   1469.66      142.59      592.82     -162.52
   1471.71      142.75      593.42     -162.68
   1473.75      142.91      594.01     -162.84
   1475.79      143.07      594.61     -163.00
   1477.83      143.24      595.21     -163.16
   1479.87      143.40      595.80     -163.32
   1481.91      143.56      596.40     -163.48
   1483.95      143.72      597.00     -163.64
   1485.99      143.88      597.59     -163.80
   1488.03      144.04      598.19     -163.96
   1490.08      144.20      598.78     -164.11
   1492.12      144.36      599.38     -164.27
   1494.16      144.52      599.97     -164.43
   1496.20      144.68      600.56     -164.59
   1498.24      144.85      601.16     -164.75
   1500.28      145.01      601.75     -164.91
   1502.32      145.17      602.34     -165.06
   1504.36      145.33      602.93     -165.22
   1506.41      145.49      603.52     -165.38
   1508.45      145.65      604.12     -165.54
   1510.49      145.81      604.71     -165.70
   1512.53      145.97      605.30     -165.85
   1514.57      146.13      605.89     -166.01
   1516.61      146.29      606.48     -166.17
   1518.65      146.45      607.07     -166.32
   1520.69      146.61      607.66     -166.48
   1522.74      146.77      608.24     -166.64
   1524.78      146.93      608.83     -166.80
   1526.82      147.08      609.42     -166.95
   1528.86      147.24      610.01     -167.11
   1530.90      147.40      610.59     -167.27
   1532.94      147.56      611.18     -167.42
   1534.98      147.72      611.77     -167.58
   1537.02      147.88      612.35     -167.74
   1539.06      148.04      612.94     -167.89
   1541.11      148.20      613.53     -168.05
   1543.15      148.36      614.11     -168.20
   1545.19      148.52      614.70     -168.36
   1547.23      148.67      615.28     -168.52
   1549.27      148.83      615.86     -168.67
   1551.31      148.99      616.45     -168.83
   1553.35      149.15      617.03     -168.98
   1555.39      149.31      617.61     -169.14
   1557.44      149.46      618.20     -169.29
   1559.48      149.62      618.78     -169.45
   1561.52      149.78      619.36     -169.60
   1563.56      149.94      619.94     -169.76
   1565.60      150.10      620.52     -169.91
   1567.64      150.25      621.10     -170.07
   1569.68      150.41      621.68     -170.22
   1571.72      150.57      622.26     -170.38
   1573.77      150.73      622.84     -170.53
   1575.81      150.88      623.42     -170.69
   1577.85      151.04      624.00     -170.84
   1579.89      151.20      624.58     -171.00
   1581.93      151.35      625.16     -171.15
   1583.97      151.51      625.74     -171.30
   1586.01      151.67      626.31     -171.46
   1588.05      151.83      626.89     -171.61
   1590.09      151.98      627.47     -171.76
   1592.14      152.14      628.04     -171.92
   1594.18      152.29      628.62     -172.07
   1596.22      152.45      629.20     -172.23
   1598.26      152.61      629.77     -172.38
   1600.30      152.76      630.35     -172.53
   1602.34      152.92      630.92     -172.69
   1604.38      153.08      631.49     -172.84
   1606.42      153.23      632.07     -172.99
   1608.47      153.39      632.64     -173.14
   1610.51      153.54      633.22     -173.30
   1612.55      153.70      633.79     -173.45
   1614.59      153.86      634.36     -173.60
   1616.63      154.01      634.93     -173.75
   1618.67      154.17      635.50     -173.91
   1620.71      154.32      636.08     -174.06
   1622.75      154.48      636.65     -174.21
   1624.80      154.63      637.22     -174.36
   1626.84      154.79      637.79     -174.52
   1628.88      154.94      638.36     -174.67
   1630.92      155.10      638.93     -174.82
   1632.96      155.25      639.50     -174.97
   1635.00      155.41      640.07     -175.12
   1637.04      155.56      640.64     -175.27
   1639.08      155.72      641.20     -175.43
   1641.12      155.87      641.77     -175.58
   1643.17      156.03      642.34     -175.73
   1645.21      156.18      642.91     -175.88
   1647.25      156.33      643.47     -176.03
   1649.29      156.49      644.04     -176.18
   1651.33      156.64      644.61     -176.33
   1653.37      156.80      645.17     -176.48
   1655.41      156.95      645.74     -176.63
   1657.45      157.10      646.30     -176.78
   1659.50      157.26      646.87     -176.94
   1661.54      157.41      647.43     -177.09
   1663.58      157.57      648.00     -177.24
   1665.62      157.72      648.56     -177.39
   1667.66      157.87      649.13     -177.54
   1669.70      158.03      649.69     -177.69
   1671.74      158.18      650.25     -177.84
   1673.78      158.33      650.81     -177.99
   1675.83      158.49      651.38     -178.14
   1677.87      158.64      651.94     -178.29
   1679.91      158.79      652.50     -178.44
   1681.95      158.94      653.06     -178.58
   1683.99      159.10      653.62     -178.73
   1686.03      159.25      654.18     -178.88
   1688.07      159.40      654.74     -179.03
   1690.11      159.56      655.30     -179.18
   1692.15      159.71      655.86     -179.33
   1694.20      159.86      656.42     -179.48
   1696.24      160.01      656.98     -179.63
   1698.28      160.16      657.54     -179.78
   1700.32      160.32      658.10     -179.93
   1702.36      160.47      658.65     -180.07
   1704.40      160.62      659.21     -180.22
   1706.44      160.77      659.77     -180.37
   1708.48      160.92      660.33     -180.52
   1710.53      161.08      660.88     -180.67
   1712.57      161.23      661.44     -180.82
   1714.61      161.38      661.99     -180.96
   1716.65      161.53      662.55     -181.11
   1718.69      161.68      663.10     -181.26
   1720.73      161.83      663.66     -181.41
   1722.77      161.98      664.21     -181.56
   1724.81      162.14      664.77     -181.70
   1726.86      162.29      665.32     -181.85
   1728.90      162.44      665.87     -182.00
   1730.94      162.59      666.43     -182.14
   1732.98      162.74      666.98     -182.29
   1735.02      162.89      667.53     -182.44
   1737.06      163.04      668.08     -182.59
   1739.10      163.19      668.64     -182.73
   1741.14      163.34      669.19     -182.88
   1743.18      163.49      669.74     -183.03
   1745.23      163.64      670.29     -183.17
   1747.27      163.79      670.84     -183.32
   1749.31      163.94      671.39     -183.47
   1751.35      164.09      671.94     -183.61
   1753.39      164.24      672.49     -183.76
   1755.43      164.39      673.04     -183.90
   1757.47      164.54      673.59     -184.05
   1759.51      164.69      674.14     -184.20
   1761.56      164.84      674.68     -184.34
   1763.60      164.99      675.23     -184.49
   1765.64      165.14      675.78     -184.63
   1767.68      165.29      676.33     -184.78
   1769.72      165.44      676.87     -184.93
   1771.76      165.59      677.42     -185.07
   1773.80      165.74      677.97     -185.22
   1775.84      165.89      678.51     -185.36
   1777.89      166.04      679.06     -185.51
   1779.93      166.19      679.60     -185.65
   1781.97      166.34      680.15     -185.80
   1784.01      166.48      680.69     -185.94
   1786.05      166.63      681.24     -186.09
   1788.09      166.78      681.78     -186.23
   1790.13      166.93      682.32     -186.38
   1792.17      167.08      682.87     -186.52
   1794.21      167.23      683.41     -186.67
   1796.26      167.38      683.95     -186.81
   1798.30      167.52      684.49     -186.95
   1800.34      167.67      685.04     -187.10
   1802.38      167.82      685.58     -187.24
   1804.42      167.97      686.12     -187.39
   1806.46      168.12      686.66     -187.53
   1808.50      168.26      687.20     -187.67
   1810.54      168.41      687.74     -187.82
   1812.59      168.56      688.28     -187.96
   1814.63      168.71      688.82     -188.11
   1816.67      168.85      689.36     -188.25
   1818.71      169.00      689.90     -188.39
   1820.75      169.15      690.44     -188.54
   1822.79      169.30      690.98     -188.68
   1824.83      169.44      691.51     -188.82
   1826.87      169.59      692.05     -188.97
   1828.92      169.74      692.59     -189.11
   1830.96      169.89      693.13     -189.25
   1833.00      170.03      693.66     -189.39
   1835.04      170.18      694.20     -189.54
   1837.08      170.33      694.74     -189.68
   1839.12      170.47      695.27     -189.82
   1841.16      170.62      695.81     -189.96
   1843.20      170.77      696.34     -190.11
   1845.24      170.91      696.88     -190.25
   1847.29      171.06      697.41     -190.39
   1849.33      171.20      697.95     -190.53
   1851.37      171.35      698.48     -190.68
   1853.41      171.50      699.01     -190.82
   1855.45      171.64      699.55     -190.96
   1857.49      171.79      700.08     -191.10
   1859.53      171.93      700.61     -191.24
   1861.57      172.08      701.14     -191.38
   1863.62      172.23      701.68     -191.53
   1865.66      172.37      702.21     -191.67
   1867.70      172.52      702.74     -191.81
   1869.74      172.66      703.27     -191.95
   1871.78      172.81      703.80     -192.09
   1873.82      172.95      704.33     -192.23
   1875.86      173.10      704.86     -192.37
   1877.90      173.24      705.39     -192.51
   1879.95      173.39      705.92     -192.65
   1881.99      173.53      706.45     -192.80
   1884.03      173.68      706.98     -192.94
   1886.07      173.82      707.51     -193.08
   1888.11      173.97      708.04     -193.22
   1890.15      174.11      708.56     -193.36
   1892.19      174.26      709.09     -193.50
   1894.23      174.40      709.62     -193.64
   1896.27      174.55      710.15     -193.78
   1898.32      174.69      710.67     -193.92
   1900.36      174.84      711.20     -194.06
   1902.40      174.98      711.72     -194.20
   1904.44      175.13      712.25     -194.34
   1906.48      175.27      712.78     -194.48
   1908.52      175.41      713.30     -194.62
   1910.56      175.56      713.83     -194.76
   1912.60      175.70      714.35     -194.90
   1914.65      175.85      714.87     -195.04
   1916.69      175.99      715.40     -195.17
   1918.73      176.13      715.92     -195.31
   1920.77      176.28      716.44     -195.45
   1922.81      176.42      716.97     -195.59
   1924.85      176.56      717.49     -195.73
   1926.89      176.71      718.01     -195.87
   1928.93      176.85      718.53     -196.01
   1930.98      176.99      719.06     -196.15
   1933.02      177.14      719.58     -196.29
   1935.06      177.28      720.10     -196.42
   1937.10      177.42      720.62     -196.56
   1939.14      177.57      721.14     -196.70
   1941.18      177.71      721.66     -196.84
   1943.22      177.85      722.18     -196.98
   1945.26      177.99      722.70     -197.12
   1947.30      178.14      723.22     -197.25
   1949.35      178.28      723.74     -197.39
   1951.39      178.42      724.26     -197.53
   1953.43      178.56      724.77     -197.67
   1955.47      178.71      725.29     -197.81
   1957.51      178.85      725.81     -197.94
   1959.55      178.99      726.33     -198.08
   1961.59      179.13      726.85     -198.22
   1963.63      179.27      727.36     -198.36
   1965.68      179.42      727.88     -198.49
   1967.72      179.56      728.39     -198.63
   1969.76      179.70      728.91     -198.77
   1971.80      179.84      729.43     -198.90
   1973.84      179.98      729.94     -199.04
   1975.88      180.12      730.46     -199.18
   1977.92      180.27      730.97     -199.31
   1979.96      180.41      731.49     -199.45
   1982.01      180.55      732.00     -199.59
   1984.05      180.69      732.51     -199.72
   1986.09      180.83      733.03     -199.86
   1988.13      180.97      733.54     -200.00
   1990.17      181.11      734.05     -200.13
   1992.21      181.25      734.57     -200.27
   1994.25      181.40      735.08     -200.41
   1996.29      181.54      735.59     -200.54
   1998.33      181.68      736.10     -200.68
   2000.38      181.82      736.61     -200.81
   2002.42      181.96      737.12     -200.95
   2004.46      182.10      737.63     -201.09
   2006.50      182.24      738.14     -201.22
   2008.54      182.38      738.65     -201.36
   2010.58      182.52      739.16     -201.49
   2012.62      182.66      739.67     -201.63
   2014.66      182.80      740.18     -201.76
   2016.71      182.94      740.69     -201.90
   2018.75      183.08      741.20     -202.03
   2020.79      183.22      741.71     -202.17
   2022.83      183.36      742.22     -202.30
   2024.87      183.50      742.72     -202.44
   2026.91      183.64      743.23     -202.57
   2028.95      183.78      743.74     -202.71
   2030.99      183.92      744.25     -202.84
   2033.04      184.06      744.75     -202.98
   2035.08      184.20      745.26     -203.11
   2037.12      184.34      745.77     -203.25
   2039.16      184.48      746.27     -203.38
   2041.20      184.62      746.78     -203.51
