      0.00       -9.02        0.78       -0.73
      2.04      -10.18       -0.10       -0.50
      4.08      -11.33       -0.98       -0.28
      6.12      -12.46       -1.85       -0.05
      8.16      -13.57       -2.72        0.18
     10.21      -14.67       -3.59        0.40
     12.25      -15.75       -4.46        0.63
     14.29      -16.82       -5.32        0.86
     16.33      -17.88       -6.18        1.08
     18.37      -18.93       -7.04        1.31
     20.41      -19.97       -7.89        1.53
     22.45      -21.00       -8.74        1.75
     24.49      -22.03       -9.59        1.97
     26.54      -23.04      -10.43        2.19
     28.58      -24.04      -11.27        2.41
     30.62      -25.04      -12.10        2.63
     32.66      -26.03      -12.93        2.84
     34.70      -27.01      -13.76        3.06
     36.74      -27.99      -14.58        3.27
     38.78      -28.96      -15.40        3.49
     40.82      -29.92      -16.21        3.70
     42.87      -30.87      -17.03        3.91
     44.91      -31.82      -17.84        4.12
     46.95      -32.77      -18.64        4.33
     48.99      -33.70      -19.44        4.54
     51.03      -34.64      -20.24        4.75
     53.07      -35.56      -21.04        4.96
     55.11      -36.49      -21.83        5.17
     57.15      -37.40      -22.62        5.37
     59.19      -38.32      -23.41        5.58
     61.24      -39.22      -24.20        5.78
     63.28      -40.13      -24.98        5.99
     65.32      -41.02      -25.76        6.19
     67.36      -41.92      -26.53        6.39
     69.40      -42.81      -27.31        6.59
     71.44      -43.69      -28.08        6.79
     73.48      -44.58      -28.85        6.99
     75.52      -45.45      -29.61        7.19
     77.57      -46.33      -30.38        7.39
     79.61      -47.20      -31.14        7.59
     81.65      -48.06      -31.89        7.79
     83.69      -48.93      -32.65        7.99
     85.73      -49.78      -33.40        8.18
     87.77      -50.64      -34.15        8.38
     89.81      -51.49      -34.90        8.58
     91.85      -52.34      -35.65        8.77
     93.90      -53.19      -36.39        8.97
     95.94      -54.03      -37.14        9.16
     97.98      -54.87      -37.87        9.35
    100.02      -55.70      -38.61        9.54
    102.06      -56.54      -39.35        9.74
    104.10      -57.36      -40.08        9.93
    106.14      -58.19      -40.81       10.12
    108.18      -59.02      -41.54       10.31
    110.22      -59.84      -42.27       10.50
    112.27      -60.65      -42.99       10.69
    114.31      -61.47      -43.72       10.88
    116.35      -62.28      -44.44       11.07
    118.39      -63.09      -45.16       11.26
    120.43      -63.90      -45.88       11.44
    122.47      -64.70      -46.59       11.63
    124.51      -65.50      -47.30       11.82
    126.55      -66.30      -48.02       12.00
    128.60      -67.10      -48.73       12.19
    130.64      -67.90      -49.43       12.37
    132.68      -68.69      -50.14       12.56
    134.72      -69.48      -50.85       12.74
    136.76      -70.26      -51.55       12.93
    138.80      -71.05      -52.25       13.11
    140.84      -71.83      -52.95       13.29
    142.88      -72.61      -53.65       13.48
    144.93      -73.39      -54.34       13.66
    146.97      -74.16      -55.04       13.84
    149.01      -74.94      -55.73       14.02
    151.05      -75.71      -56.42       14.20
    153.09      -76.48      -57.11       14.38
    155.13      -77.25      -57.80       14.56
    157.17      -78.01      -58.49       14.74
    159.21      -78.77      -59.17       14.92
    161.25      -79.53      -59.85       15.10
    163.30      -80.29      -60.54       15.28
    165.34      -81.05      -61.22       15.46
    167.38      -81.80      -61.89       15.63
    169.42      -82.56      -62.57       15.81
    171.46      -83.31      -63.25       15.99
    173.50      -84.06      -63.92       16.16
    175.54      -84.80      -64.60       16.34
    177.58      -85.55      -65.27       16.52
    179.63      -86.29      -65.94       16.69
    181.67      -87.03      -66.61       16.87
    183.71      -87.77      -67.27       17.04
    185.75      -88.51      -67.94       17.22
    187.79      -89.24      -68.60       17.39
    189.83      -89.98      -69.27       17.56
    191.87      -90.71      -69.93       17.74
    193.91      -91.44      -70.59       17.91
    195.96      -92.17      -71.25       18.08
    198.00      -92.90      -71.90       18.25
    200.04      -93.62      -72.56       18.43
    202.08      -94.35      -73.22       18.60
    204.12      -95.07      -73.87       18.77
    206.16      -95.79      -74.52       18.94
    208.20      -96.51      -75.17       19.11
    210.24      -97.22      -75.82       19.28
    212.28      -97.94      -76.47       19.45
    214.33      -98.65      -77.12       19.62
    216.37      -99.37      -77.77       19.79
    218.41     -100.08      -78.41       19.96
    220.45     -100.79      -79.05       20.13
    222.49     -101.49      -79.70       20.30
    224.53     -102.20      -80.34       20.46
    226.57     -102.90      -80.98       20.63
    228.61     -103.61      -81.62       20.80
    230.66     -104.31      -82.25       20.97
    232.70     -105.01      -82.89       21.13
    234.74     -105.71      -83.53       21.30
    236.78     -106.40      -84.16       21.47
    238.82     -107.10      -84.79       21.63
    240.86     -107.79      -85.43       21.80
    242.90     -108.49      -86.06       21.96
    244.94     -109.18      -86.69       22.13
    246.99     -109.87      -87.31       22.29
    249.03     -110.56      -87.94       22.46
    251.07     -111.24      -88.57       22.62
    253.11     -111.93      -89.19       22.78
    255.15     -112.61      -89.82       22.95
    257.19     -113.30      -90.44       23.11
    259.23     -113.98      -91.06       23.27
    261.27     -114.66      -91.68       23.44
    263.31     -115.34      -92.30       23.60
    265.36     -116.02      -92.92       23.76
    267.40     -116.69      -93.54       23.92
    269.44     -117.37      -94.16       24.09
    271.48     -118.04      -94.77       24.25
    273.52     -118.71      -95.39       24.41
    275.56     -119.38      -96.00       24.57
    277.60     -120.05      -96.61       24.73
    279.64     -120.72      -97.22       24.89
    281.69     -121.39      -97.83       25.05
    283.73     -122.06      -98.44       25.21
    285.77     -122.72      -99.05       25.37
    287.81     -123.38      -99.66       25.53
    289.85     -124.05     -100.27       25.69
    291.89     -124.71     -100.87       25.85
    293.93     -125.37     -101.48       26.01
    295.97     -126.03     -102.08       26.16
    298.02     -126.68     -102.68       26.32
    300.06     -127.34     -103.28       26.48
    302.10     -127.99     -103.88       26.64
    304.14     -128.65     -104.48       26.79
    306.18     -129.30     -105.08       26.95
    308.22     -129.95     -105.68       27.11
    310.26     -130.60     -106.28       27.27
    312.30     -131.25     -106.87       27.42
    314.34     -131.90     -107.47       27.58
    316.39     -132.55     -108.06       27.73
    318.43     -133.19     -108.65       27.89
    320.47     -133.84     -109.25       28.04
    322.51     -134.48     -109.84       28.20
    324.55     -135.12     -110.43       28.35
    326.59     -135.76     -111.02       28.51
    328.63     -136.40     -111.60       28.66
    330.67     -137.04     -112.19       28.82
    332.72     -137.68     -112.78       28.97
    334.76     -138.32     -113.36       29.13
    336.80     -138.95     -113.95       29.28
    338.84     -139.59     -114.53       29.43
    340.88     -140.22     -115.12       29.59
    342.92     -140.86     -115.70       29.74
    344.96     -141.49     -116.28       29.89
    347.00     -142.12     -116.86       30.04
    349.05     -142.75     -117.44       30.20
    351.09     -143.38     -118.02       30.35
    353.13     -144.00     -118.60       30.50
    355.17     -144.63     -119.17       30.65
    357.21     -145.25     -119.75       30.80
    359.25     -145.88     -120.33       30.95
    361.29     -146.50     -120.90       31.10
    363.33     -147.12     -121.47       31.25
    365.37     -147.75     -122.05       31.40
    367.42     -148.37     -122.62       31.55
    369.46     -148.98     -123.19       31.70
    371.50     -149.60     -123.76       31.85
    373.54     -150.22     -124.33       32.00
    375.58     -150.84     -124.90       32.15
    377.62     -151.45     -125.47       32.30
    379.66     -152.07     -126.03       32.45
    381.70     -152.68     -126.60       32.60
    383.75     -153.29     -127.16       32.75
    385.79     -153.90     -127.73       32.90
    387.83     -154.51     -128.29       33.05
    389.87     -155.12     -128.86       33.19
    391.91     -155.73     -129.42       33.34
    393.95     -156.34     -129.98       33.49
    395.99     -156.95     -130.54       33.64
    398.03     -157.55     -131.10       33.78
    400.08     -158.16     -131.66       33.93
    402.12     -158.76     -132.22       34.08
    404.16     -159.36     -132.78       34.22
    406.20     -159.96     -133.33       34.37
    408.24     -160.57     -133.89       34.52
    410.28     -161.17     -134.44       34.66
    412.32     -161.76     -135.00       34.81
    414.36     -162.36     -135.55       34.95
    416.40     -162.96     -136.11       35.10
    418.45     -163.56     -136.66       35.24
    420.49     -164.15     -137.21       35.39
    422.53     -164.75     -137.76       35.53
    424.57     -165.34     -138.31       35.68
    426.61     -165.93     -138.86       35.82
    428.65     -166.53     -139.41       35.97
    430.69     -167.12     -139.96       36.11
    432.73     -167.71     -140.50       36.25
    434.78     -168.30     -141.05       36.40
    436.82     -168.89     -141.60       36.54
    438.86     -169.47     -142.14       36.68
    440.90     -170.06     -142.68       36.83
    442.94     -170.65     -143.23       36.97
    444.98     -171.23     -143.77       37.11
    447.02     -171.81     -144.31       37.25
    449.06     -172.40     -144.85       37.40
    451.11     -172.98     -145.39       37.54
    453.15     -173.56     -145.93       37.68
    455.19     -174.14     -146.47       37.82
    457.23     -174.72     -147.01       37.96
    459.27     -175.30     -147.55       38.11
    461.31     -175.88     -148.09       38.25
    463.35     -176.46     -148.62       38.39
    465.39     -177.04     -149.16       38.53
    467.43     -177.61     -149.69       38.67
    469.48     -178.19     -150.23       38.81
    471.52     -178.76     -150.76       38.95
    473.56     -179.33     -151.29       39.09
    475.60     -179.91     -151.83       39.23
    477.64     -180.48     -152.36       39.37
    479.68     -181.05     -152.89       39.51
    481.72     -181.62     -153.42       39.65
    483.76     -182.19     -153.95       39.79
    485.81     -182.76     -154.48       39.93
    487.85     -183.32     -155.01       40.07
    489.89     -183.89     -155.53       40.20
    491.93     -184.46     -156.06       40.34
    493.97     -185.02     -156.59       40.48
    496.01     -185.59     -157.11       40.62
    498.05     -186.15     -157.64       40.76
    500.09     -186.72     -158.16       40.89
    502.14     -187.28     -158.68       41.03
    504.18     -187.84     -159.21       41.17
    506.22     -188.40     -159.73       41.31
    508.26     -188.96     -160.25       41.44
    510.30     -189.52     -160.77       41.58
    512.34     -190.08     -161.29       41.72
    514.38     -190.64     -161.81       41.85
    516.42     -191.19     -162.33       41.99
    518.46     -191.75     -162.85       42.13
    520.51     -192.30     -163.37       42.26
    522.55     -192.86     -163.88       42.40
    524.59     -193.41     -164.40       42.54
    526.63     -193.97     -164.92       42.67
    528.67     -194.52     -165.43       42.81
    530.71     -195.07     -165.95       42.94
    532.75     -195.62     -166.46       43.08
    534.79     -196.17     -166.97       43.21
    536.84     -196.72     -167.49       43.35
    538.88     -197.27     -168.00       43.48
    540.92     -197.82     -168.51       43.62
    542.96     -198.37     -169.02       43.75
    545.00     -198.91     -169.53       43.89
    547.04     -199.46     -170.04       44.02
    549.08     -200.00     -170.55       44.15
    551.12     -200.55     -171.06       44.29
    553.17     -201.09     -171.57       44.42
    555.21     -201.63     -172.07       44.55
    557.25     -202.18     -172.58       44.69
    559.29     -202.72     -173.09       44.82
    561.33     -203.26     -173.59       44.95
    563.37     -203.80     -174.10       45.09
    565.41     -204.34     -174.60       45.22
    567.45     -204.88     -175.10       45.35
    569.49     -205.42     -175.61       45.48
    571.54     -205.95     -176.11       45.62
    573.58     -206.49     -176.61       45.75
    575.62     -207.03     -177.11       45.88
    577.66     -207.56     -177.61       46.01
    579.70     -208.10     -178.11       46.14
    581.74     -208.63     -178.61       46.27
    583.78     -209.16     -179.11       46.41
    585.82     -209.70     -179.61       46.54
    587.87     -210.23     -180.11       46.67
    589.91     -210.76     -180.60       46.80
    591.95     -211.29     -181.10       46.93
    593.99     -211.82     -181.59       47.06
    596.03     -212.35     -182.09       47.19
    598.07     -212.88     -182.58       47.32
    600.11     -213.40     -183.08       47.45
    602.15     -213.93     -183.57       47.58
    604.20     -214.46     -184.07       47.71
    606.24     -214.98     -184.56       47.84
    608.28     -215.51     -185.05       47.97
    610.32     -216.03     -185.54       48.10
    612.36     -216.56     -186.03       48.23
    614.40     -217.08     -186.52       48.36
    616.44     -217.60     -187.01       48.48
    618.48     -218.12     -187.50       48.61
    620.52     -218.65     -187.99       48.74
    622.57     -219.17     -188.48       48.87
    624.61     -219.69     -188.96       49.00
    626.65     -220.21     -189.45       49.13
    628.69     -220.72     -189.94       49.25
    630.73     -221.24     -190.42       49.38
    632.77     -221.76     -190.91       49.51
    634.81     -222.28     -191.39       49.64
    636.85     -222.79     -191.88       49.77
    638.90     -223.31     -192.36       49.89
    640.94     -223.82     -192.84       50.02
    642.98     -224.34     -193.33       50.15
    645.02     -224.85     -193.81       50.27
    647.06     -225.36     -194.29       50.40
    649.10     -225.88     -194.77       50.53
    651.14     -226.39     -195.25       50.65
    653.18     -226.90     -195.73       50.78
    655.23     -227.41     -196.21       50.91
    657.27     -227.92     -196.69       51.03
    659.31     -228.43     -197.16       51.16
    661.35     -228.94     -197.64       51.28
    663.39     -229.44     -198.12       51.41
    665.43     -229.95     -198.60       51.53
    667.47     -230.46     -199.07       51.66
    669.51     -230.96     -199.55       51.78
    671.55     -231.47     -200.02       51.91
    673.60     -231.97     -200.50       52.03
    675.64     -232.48     -200.97       52.16
    677.68     -232.98     -201.44       52.28
    679.72     -233.48     -201.92       52.41
    681.76     -233.99     -202.39       52.53
    683.80     -234.49     -202.86       52.66
    685.84     -234.99     -203.33       52.78
    687.88     -235.49     -203.80       52.90
    689.93     -235.99     -204.27       53.03
    691.97     -236.49     -204.74       53.15
    694.01     -236.99     -205.21       53.28
    696.05     -237.49     -205.68       53.40
    698.09     -237.98     -206.15       53.52
    700.13     -238.48     -206.61       53.65
    702.17     -238.98     -207.08       53.77
    704.21     -239.47     -207.55       53.89
    706.26     -239.97     -208.01       54.01
    708.30     -240.46     -208.48       54.14
    710.34     -240.96     -208.94       54.26
    712.38     -241.45     -209.41       54.38
    714.42     -241.94     -209.87       54.50
    716.46     -242.44     -210.34       54.63
    718.50     -242.93     -210.80       54.75
    720.54     -243.42     -211.26       54.87
    722.58     -243.91     -211.72       54.99
    724.63     -244.40     -212.19       55.11
    726.67     -244.89     -212.65       55.23
    728.71     -245.38     -213.11       55.36
    730.75     -245.87     -213.57       55.48
    732.79     -246.35     -214.03       55.60
    734.83     -246.84     -214.49       55.72
    736.87     -247.33     -214.94       55.84
    738.91     -247.81     -215.40       55.96
    740.96     -248.30     -215.86       56.08
    743.00     -248.78     -216.32       56.20
    745.04     -249.27     -216.77       56.32
    747.08     -249.75     -217.23       56.44
    749.12     -250.23     -217.68       56.56
    751.16     -250.72     -218.14       56.68
    753.20     -251.20     -218.59       56.80
    755.24     -251.68     -219.05       56.92
    757.29     -252.16     -219.50       57.04
    759.33     -252.64     -219.95       57.16
    761.37     -253.12     -220.41       57.28
    763.41     -253.60     -220.86       57.40
    765.45     -254.08     -221.31       57.52
    767.49     -254.56     -221.76       57.64
    769.53     -255.03     -222.21       57.75
    771.57     -255.51     -222.66       57.87
    773.61     -255.99     -223.11       57.99
    775.66     -256.46     -223.56       58.11
    777.70     -256.94     -224.01       58.23
    779.74     -257.41     -224.46       58.35
    781.78     -257.89     -224.91       58.46
    783.82     -258.36     -225.35       58.58
    785.86     -258.84     -225.80       58.70
    787.90     -259.31     -226.25       58.82
    789.94     -259.78     -226.69       58.94
    791.99     -260.25     -227.14       59.05
    794.03     -260.72     -227.58       59.17
    796.07     -261.19     -228.03       59.29
    798.11     -261.66     -228.47       59.40
    800.15     -262.13     -228.92       59.52
    802.19     -262.60     -229.36       59.64
    804.23     -263.07     -229.80       59.75
    806.27     -263.54     -230.24       59.87
    808.32     -264.00     -230.69       59.99
    810.36     -264.47     -231.13       60.10
    812.40     -264.94     -231.57       60.22
    814.44     -265.40     -232.01       60.34
    816.48     -265.87     -232.45       60.45
    818.52     -266.33     -232.89       60.57
    820.56     -266.80     -233.33       60.68
    822.60     -267.26     -233.76       60.80
    824.64     -267.72     -234.20       60.91
    826.69     -268.19     -234.64       61.03
    828.73     -268.65     -235.08       61.14
    830.77     -269.11     -235.51       61.26
    832.81     -269.57     -235.95       61.37
    834.85     -270.03     -236.39       61.49
    836.89     -270.49     -236.82       61.60
    838.93     -270.95     -237.26       61.72
    840.97     -271.41     -237.69       61.83
    843.02     -271.87     -238.12       61.95
    845.06     -272.33     -238.56       62.06
    847.10     -272.78     -238.99       62.18
    849.14     -273.24     -239.42       62.29
    851.18     -273.70     -239.86       62.40
    853.22     -274.15     -240.29       62.52
    855.26     -274.61     -240.72       62.63
    857.30     -275.06     -241.15       62.75
    859.35     -275.52     -241.58       62.86
    861.39     -275.97     -242.01       62.97
    863.43     -276.42     -242.44       63.09
    865.47     -276.88     -242.87       63.20
    867.51     -277.33     -243.30       63.31
    869.55     -277.78     -243.73       63.42
    871.59     -278.23     -244.15       63.54
    873.63     -278.68     -244.58       63.65
    875.67     -279.13     -245.01       63.76
    877.72     -279.58     -245.43       63.87
    879.76     -280.03     -245.86       63.99
    881.80     -280.48     -246.28       64.10
    883.84     -280.93     -246.71       64.21
    885.88     -281.38     -247.13       64.32
    887.92     -281.83     -247.56       64.44
    889.96     -282.27     -247.98       64.55
    892.00     -282.72     -248.41       64.66
    894.05     -283.16     -248.83       64.77
    896.09     -283.61     -249.25       64.88
    898.13     -284.06     -249.67       64.99
    900.17     -284.50     -250.10       65.10
    902.21     -284.94     -250.52       65.21
    904.25     -285.39     -250.94       65.33
    906.29     -285.83     -251.36       65.44
    908.33     -286.27     -251.78       65.55
    910.38     -286.71     -252.20       65.66
    912.42     -287.16     -252.62       65.77
    914.46     -287.60     -253.03       65.88
    916.50     -288.04     -253.45       65.99
    918.54     -288.48     -253.87       66.10
    920.58     -288.92     -254.29       66.21
    922.62     -289.36     -254.71       66.32
    924.66     -289.79     -255.12       66.43
    926.70     -290.23     -255.54       66.54
    928.75     -290.67     -255.95       66.65
    930.79     -291.11     -256.37       66.76
    932.83     -291.54     -256.78       66.87
    934.87     -291.98     -257.20       66.98
    936.91     -292.42     -257.61       67.09
    938.95     -292.85     -258.03       67.20
    940.99     -293.29     -258.44       67.30
    943.03     -293.72     -258.85       67.41
    945.08     -294.15     -259.26       67.52
    947.12     -294.59     -259.68       67.63
    949.16     -295.02     -260.09       67.74
    951.20     -295.45     -260.50       67.85
    953.24     -295.88     -260.91       67.96
    955.28     -296.32     -261.32       68.06
    957.32     -296.75     -261.73       68.17
    959.36     -297.18     -262.14       68.28
    961.41     -297.61     -262.55       68.39
    963.45     -298.04     -262.96       68.50
    965.49     -298.47     -263.36       68.60
    967.53     -298.90     -263.77       68.71
    969.57     -299.32     -264.18       68.82
    971.61     -299.75     -264.59       68.93
    973.65     -300.18     -264.99       69.03
    975.69     -300.61     -265.40       69.14
    977.73     -301.03     -265.81       69.25
    979.78     -301.46     -266.21       69.35
    981.82     -301.88     -266.62       69.46
    983.86     -302.31     -267.02       69.57
    985.90     -302.73     -267.42       69.67
    987.94     -303.16     -267.83       69.78
    989.98     -303.58     -268.23       69.89
    992.02     -304.00     -268.63       69.99
    994.06     -304.43     -269.04       70.10
    996.11     -304.85     -269.44       70.21
    998.15     -305.27     -269.84       70.31
   1000.19     -305.69     -270.24       70.42
   1002.23     -306.11     -270.64       70.52
   1004.27     -306.53     -271.04       70.63
   1006.31     -306.95     -271.44       70.74
   1008.35     -307.37     -271.84       70.84
   1010.39     -307.79     -272.24       70.95
   1012.44     -308.21     -272.64       71.05
   1014.48     -308.63     -273.04       71.16
   1016.52     -309.05     -273.44       71.26
   1018.56     -309.46     -273.84       71.37
   1020.60     -309.88     -274.23       71.47
   1022.64     -310.30     -274.63       71.58
   1024.68     -310.71     -275.03       71.68
   1026.72     -311.13     -275.42       71.79
   1028.76     -311.54     -275.82       71.89
   1030.81     -311.96     -276.21       71.99
   1032.85     -312.37     -276.61       72.10
   1034.89     -312.79     -277.00       72.20
   1036.93     -313.20     -277.40       72.31
   1038.97     -313.61     -277.79       72.41
   1041.01     -314.03     -278.19       72.51
   1043.05     -314.44     -278.58       72.62
   1045.09     -314.85     -278.97       72.72
   1047.14     -315.26     -279.36       72.83
   1049.18     -315.67     -279.76       72.93
   1051.22     -316.08     -280.15       73.03
   1053.26     -316.49     -280.54       73.14
   1055.30     -316.90     -280.93       73.24
   1057.34     -317.31     -281.32       73.34
   1059.38     -317.72     -281.71       73.44
   1061.42     -318.13     -282.10       73.55
   1063.47     -318.53     -282.49       73.65
   1065.51     -318.94     -282.88       73.75
   1067.55     -319.35     -283.27       73.86
   1069.59     -319.75     -283.65       73.96
   1071.63     -320.16     -284.04       74.06
   1073.67     -320.57     -284.43       74.16
   1075.71     -320.97     -284.82       74.26
   1077.75     -321.38     -285.20       74.37
   1079.79     -321.78     -285.59       74.47
   1081.84     -322.18     -285.97       74.57
   1083.88     -322.59     -286.36       74.67
   1085.92     -322.99     -286.74       74.77
   1087.96     -323.39     -287.13       74.87
   1090.00     -323.79     -287.51       74.98
   1092.04     -324.20     -287.90       75.08
   1094.08     -324.60     -288.28       75.18
   1096.12     -325.00     -288.66       75.28
   1098.17     -325.40     -289.05       75.38
   1100.21     -325.80     -289.43       75.48
   1102.25     -326.20     -289.81       75.58
   1104.29     -326.60     -290.19       75.68
   1106.33     -327.00     -290.57       75.78
   1108.37     -327.39     -290.96       75.88
   1110.41     -327.79     -291.34       75.99
   1112.45     -328.19     -291.72       76.09
   1114.50     -328.59     -292.10       76.19
   1116.54     -328.98     -292.48       76.29
   1118.58     -329.38     -292.85       76.39
   1120.62     -329.78     -293.23       76.49
   1122.66     -330.17     -293.61       76.59
   1124.70     -330.57     -293.99       76.69
   1126.74     -330.96     -294.37       76.79
   1128.78     -331.35     -294.74       76.89
   1130.82     -331.75     -295.12       76.98
   1132.87     -332.14     -295.50       77.08
   1134.91     -332.53     -295.87       77.18
   1136.95     -332.93     -296.25       77.28
   1138.99     -333.32     -296.62       77.38
   1141.03     -333.71     -297.00       77.48
   1143.07     -334.10     -297.37       77.58
   1145.11     -334.49     -297.75       77.68
   1147.15     -334.88     -298.12       77.78
   1149.20     -335.27     -298.50       77.88
   1151.24     -335.66     -298.87       77.97
   1153.28     -336.05     -299.24       78.07
   1155.32     -336.44     -299.61       78.17
   1157.36     -336.83     -299.99       78.27
   1159.40     -337.22     -300.36       78.37
   1161.44     -337.60     -300.73       78.47
   1163.48     -337.99     -301.10       78.56
   1165.53     -338.38     -301.47       78.66
   1167.57     -338.76     -301.84       78.76
   1169.61     -339.15     -302.21       78.86
   1171.65     -339.54     -302.58       78.95
   1173.69     -339.92     -302.95       79.05
   1175.73     -340.31     -303.32       79.15
   1177.77     -340.69     -303.69       79.25
   1179.81     -341.07     -304.06       79.34
   1181.85     -341.46     -304.42       79.44
   1183.90     -341.84     -304.79       79.54
   1185.94     -342.22     -305.16       79.64
   1187.98     -342.61     -305.52       79.73
   1190.02     -342.99     -305.89       79.83
   1192.06     -343.37     -306.26       79.93
   1194.10     -343.75     -306.62       80.02
   1196.14     -344.13     -306.99       80.12
   1198.18     -344.51     -307.35       80.21
   1200.23     -344.89     -307.72       80.31
   1202.27     -345.27     -308.08       80.41
   1204.31     -345.65     -308.44       80.50
   1206.35     -346.03     -308.81       80.60
   1208.39     -346.41     -309.17       80.70
   1210.43     -346.79     -309.53       80.79
   1212.47     -347.16     -309.90       80.89
   1214.51     -347.54     -310.26       80.98
   1216.56     -347.92     -310.62       81.08
   1218.60     -348.29     -310.98       81.17
   1220.64     -348.67     -311.34       81.27
   1222.68     -349.05     -311.70       81.36
   1224.72     -349.42     -312.06       81.46
   1226.76     -349.80     -312.42       81.55
   1228.80     -350.17     -312.78       81.65
   1230.84     -350.54     -313.14       81.74
   1232.88     -350.92     -313.50       81.84
   1234.93     -351.29     -313.86       81.93
   1236.97     -351.66     -314.22       82.03
   1239.01     -352.04     -314.58       82.12
   1241.05     -352.41     -314.93       82.22
   1243.09     -352.78     -315.29       82.31
   1245.13     -353.15     -315.65       82.41
   1247.17     -353.52     -316.00       82.50
   1249.21     -353.89     -316.36       82.59
   1251.26     -354.26     -316.72       82.69
   1253.30     -354.63     -317.07       82.78
   1255.34     -355.00     -317.43       82.88
   1257.38     -355.37     -317.78       82.97
   1259.42     -355.74     -318.14       83.06
   1261.46     -356.11     -318.49       83.16
   1263.50     -356.48     -318.84       83.25
   1265.54     -356.84     -319.20       83.34
   1267.59     -357.21     -319.55       83.44
   1269.63     -357.58     -319.90       83.53
   1271.67     -357.94     -320.26       83.62
   1273.71     -358.31     -320.61       83.72
   1275.75     -358.68     -320.96       83.81
   1277.79     -359.04     -321.31       83.90
   1279.83     -359.41     -321.66       84.00
   1281.87     -359.77     -322.01       84.09
   1283.91     -360.13     -322.36       84.18
   1285.96     -360.50     -322.71       84.27
   1288.00     -360.86     -323.06       84.37
   1290.04     -361.22     -323.41       84.46
   1292.08     -361.59     -323.76       84.55
   1294.12     -361.95     -324.11       84.64
   1296.16     -362.31     -324.46       84.73
   1298.20     -362.67     -324.81       84.83
   1300.24     -363.03     -325.15       84.92
   1302.29     -363.39     -325.50       85.01
   1304.33     -363.75     -325.85       85.10
   1306.37     -364.11     -326.20       85.19
   1308.41     -364.47     -326.54       85.28
   1310.45     -364.83     -326.89       85.38
   1312.49     -365.19     -327.23       85.47
   1314.53     -365.55     -327.58       85.56
   1316.57     -365.91     -327.92       85.65
   1318.62     -366.27     -328.27       85.74
   1320.66     -366.62     -328.61       85.83
   1322.70     -366.98     -328.96       85.92
   1324.74     -367.34     -329.30       86.01
   1326.78     -367.69     -329.64       86.10
   1328.82     -368.05     -329.99       86.20
   1330.86     -368.40     -330.33       86.29
   1332.90     -368.76     -330.67       86.38
   1334.94     -369.11     -331.01       86.47
   1336.99     -369.47     -331.36       86.56
   1339.03     -369.82     -331.70       86.65
   1341.07     -370.18     -332.04       86.74
   1343.11     -370.53     -332.38       86.83
   1345.15     -370.88     -332.72       86.92
   1347.19     -371.23     -333.06       87.01
   1349.23     -371.59     -333.40       87.10
   1351.27     -371.94     -333.74       87.19
   1353.32     -372.29     -334.08       87.28
   1355.36     -372.64     -334.42       87.37
   1357.40     -372.99     -334.75       87.46
   1359.44     -373.34     -335.09       87.54
   1361.48     -373.69     -335.43       87.63
   1363.52     -374.04     -335.77       87.72
   1365.56     -374.39     -336.10       87.81
   1367.60     -374.74     -336.44       87.90
   1369.65     -375.09     -336.78       87.99
   1371.69     -375.44     -337.11       88.08
   1373.73     -375.78     -337.45       88.17
   1375.77     -376.13     -337.78       88.26
   1377.81     -376.48     -338.12       88.35
   1379.85     -376.83     -338.45       88.43
   1381.89     -377.17     -338.79       88.52
   1383.93     -377.52     -339.12       88.61
   1385.97     -377.86     -339.46       88.70
   1388.02     -378.21     -339.79       88.79
   1390.06     -378.55     -340.12       88.88
   1392.10     -378.90     -340.46       88.96
   1394.14     -379.24     -340.79       89.05
   1396.18     -379.59     -341.12       89.14
   1398.22     -379.93     -341.45       89.23
   1400.26     -380.27     -341.79       89.31
   1402.30     -380.62     -342.12       89.40
   1404.35     -380.96     -342.45       89.49
   1406.39     -381.30     -342.78       89.58
   1408.43     -381.64     -343.11       89.66
   1410.47     -381.98     -343.44       89.75
   1412.51     -382.32     -343.77       89.84
   1414.55     -382.66     -344.10       89.93
   1416.59     -383.00     -344.43       90.01
   1418.63     -383.34     -344.75       90.10
   1420.68     -383.68     -345.08       90.19
   1422.72     -384.02     -345.41       90.27
   1424.76     -384.36     -345.74       90.36
   1426.80     -384.70     -346.07       90.45
   1428.84     -385.04     -346.39       90.53
   1430.88     -385.38     -346.72       90.62
   1432.92     -385.71     -347.05       90.71
   1434.96     -386.05     -347.37       90.79
   1437.00     -386.39     -347.70       90.88
   1439.05     -386.72     -348.02       90.96
   1441.09     -387.06     -348.35       91.05
   1443.13     -387.40     -348.67       91.14
   1445.17     -387.73     -349.00       91.22
   1447.21     -388.07     -349.32       91.31
   1449.25     -388.40     -349.65       91.39
   1451.29     -388.74     -349.97       91.48
   1453.33     -389.07     -350.29       91.56
   1455.38     -389.40     -350.62       91.65
   1457.42     -389.74     -350.94       91.74
   1459.46     -390.07     -351.26       91.82
   1461.50     -390.40     -351.59       91.91
   1463.54     -390.73     -351.91       91.99
   1465.58     -391.07     -352.23       92.08
   1467.62     -391.40     -352.55       92.16
   1469.66     -391.73     -352.87       92.25
   1471.71     -392.06     -353.19       92.33
   1473.75     -392.39     -353.51       92.42
   1475.79     -392.72     -353.83       92.50
   1477.83     -393.05     -354.15       92.58
   1479.87     -393.38     -354.47       92.67
   1481.91     -393.71     -354.79       92.75
   1483.95     -394.04     -355.11       92.84
   1485.99     -394.37     -355.43       92.92
   1488.03     -394.69     -355.74       93.01
   1490.08     -395.02     -356.06       93.09
   1492.12     -395.35     -356.38       93.17
   1494.16     -395.68     -356.70       93.26
   1496.20     -396.00     -357.01       93.34
   1498.24     -396.33     -357.33       93.43
   1500.28     -396.66     -357.65       93.51
   1502.32     -396.98     -357.96       93.59
   1504.36     -397.31     -358.28       93.68
   1506.41     -397.63     -358.59       93.76
   1508.45     -397.96     -358.91       93.84
   1510.49     -398.28     -359.22       93.93
   1512.53     -398.61     -359.54       94.01
   1514.57     -398.93     -359.85       94.09
   1516.61     -399.25     -360.16       94.18
   1518.65     -399.58     -360.48       94.26
   1520.69     -399.90     -360.79       94.34
   1522.74     -400.22     -361.10       94.42
   1524.78     -400.54     -361.42       94.51
   1526.82     -400.86     -361.73       94.59
   1528.86     -401.19     -362.04       94.67
   1530.90     -401.51     -362.35       94.75
   1532.94     -401.83     -362.66       94.84
   1534.98     -402.15     -362.97       94.92
   1537.02     -402.47     -363.29       95.00
   1539.06     -402.79     -363.60       95.08
   1541.11     -403.11     -363.91       95.17
   1543.15     -403.42     -364.22       95.25
   1545.19     -403.74     -364.53       95.33
   1547.23     -404.06     -364.83       95.41
   1549.27     -404.38     -365.14       95.49
   1551.31     -404.70     -365.45       95.57
   1553.35     -405.01     -365.76       95.66
   1555.39     -405.33     -366.07       95.74
   1557.44     -405.65     -366.38       95.82
   1559.48     -405.96     -366.68       95.90
   1561.52     -406.28     -366.99       95.98
   1563.56     -406.60     -367.30       96.06
   1565.60     -406.91     -367.60       96.14
   1567.64     -407.23     -367.91       96.23
   1569.68     -407.54     -368.22       96.31
   1571.72     -407.86     -368.52       96.39
   1573.77     -408.17     -368.83       96.47
   1575.81     -408.48     -369.13       96.55
   1577.85     -408.80     -369.44       96.63
   1579.89     -409.11     -369.74       96.71
   1581.93     -409.42     -370.05       96.79
   1583.97     -409.73     -370.35       96.87
   1586.01     -410.05     -370.65       96.95
   1588.05     -410.36     -370.96       97.03
   1590.09     -410.67     -371.26       97.11
   1592.14     -410.98     -371.56       97.19
   1594.18     -411.29     -371.86       97.27
   1596.22     -411.60     -372.17       97.35
   1598.26     -411.91     -372.47       97.43
   1600.30     -412.22     -372.77       97.51
   1602.34     -412.53     -373.07       97.59
   1604.38     -412.84     -373.37       97.67
   1606.42     -413.15     -373.67       97.75
   1608.47     -413.46     -373.97       97.83
   1610.51     -413.76     -374.27       97.91
   1612.55     -414.07     -374.57       97.99
   1614.59     -414.38     -374.87       98.07
   1616.63     -414.69     -375.17       98.15
   1618.67     -414.99     -375.47       98.23
   1620.71     -415.30     -375.77       98.31
   1622.75     -415.61     -376.07       98.38
   1624.80     -415.91     -376.36       98.46
   1626.84     -416.22     -376.66       98.54
   1628.88     -416.52     -376.96       98.62
   1630.92     -416.83     -377.26       98.70
   1632.96     -417.13     -377.55       98.78
   1635.00     -417.44     -377.85       98.86
   1637.04     -417.74     -378.14       98.93
   1639.08     -418.04     -378.44       99.01
   1641.12     -418.35     -378.74       99.09
   1643.17     -418.65     -379.03       99.17
   1645.21     -418.95     -379.33       99.25
   1647.25     -419.25     -379.62       99.33
   1649.29     -419.56     -379.92       99.40
   1651.33     -419.86     -380.21       99.48
   1653.37     -420.16     -380.50       99.56
   1655.41     -420.46     -380.80       99.64
   1657.45     -420.76     -381.09       99.71
   1659.50     -421.06     -381.38       99.79
   1661.54     -421.36     -381.68       99.87
   1663.58     -421.66     -381.97       99.95
   1665.62     -421.96     -382.26      100.02
   1667.66     -422.26     -382.55      100.10
   1669.70     -422.56     -382.84      100.18
   1671.74     -422.86     -383.14      100.26
   1673.78     -423.15     -383.43      100.33
   1675.83     -423.45     -383.72      100.41
   1677.87     -423.75     -384.01      100.49
   1679.91     -424.05     -384.30      100.56
   1681.95     -424.34     -384.59      100.64
   1683.99     -424.64     -384.88      100.72
   1686.03     -424.94     -385.17      100.79
   1688.07     -425.23     -385.45      100.87
   1690.11     -425.53     -385.74      100.95
   1692.15     -425.82     -386.03      101.02
   1694.20     -426.12     -386.32      101.10
   1696.24     -426.41     -386.61      101.18
   1698.28     -426.71     -386.90      101.25
   1700.32     -427.00     -387.18      101.33
   1702.36     -427.30     -387.47      101.40
   1704.40     -427.59     -387.76      101.48
   1706.44     -427.88     -388.04      101.56
   1708.48     -428.17     -388.33      101.63
   1710.53     -428.47     -388.61      101.71
   1712.57     -428.76     -388.90      101.78
   1714.61     -429.05     -389.18      101.86
   1716.65     -429.34     -389.47      101.93
   1718.69     -429.63     -389.75      102.01
   1720.73     -429.92     -390.04      102.08
   1722.77     -430.21     -390.32      102.16
   1724.81     -430.50     -390.61      102.23
   1726.86     -430.79     -390.89      102.31
   1728.90     -431.08     -391.17      102.39
   1730.94     -431.37     -391.46      102.46
   1732.98     -431.66     -391.74      102.53
   1735.02     -431.95     -392.02      102.61
   1737.06     -432.24     -392.30      102.68
   1739.10     -432.53     -392.59      102.76
   1741.14     -432.82     -392.87      102.83
   1743.18     -433.10     -393.15      102.91
   1745.23     -433.39     -393.43      102.98
   1747.27     -433.68     -393.71      103.06
   1749.31     -433.96     -393.99      103.13
   1751.35     -434.25     -394.27      103.21
   1753.39     -434.54     -394.55      103.28
   1755.43     -434.82     -394.83      103.35
   1757.47     -435.11     -395.11      103.43
   1759.51     -435.39     -395.39      103.50
   1761.56     -435.68     -395.67      103.58
   1763.60     -435.96     -395.95      103.65
   1765.64     -436.24     -396.22      103.72
   1767.68     -436.53     -396.50      103.80
   1769.72     -436.81     -396.78      103.87
   1771.76     -437.09     -397.06      103.94
   1773.80     -437.38     -397.33      104.02
   1775.84     -437.66     -397.61      104.09
   1777.89     -437.94     -397.89      104.16
   1779.93     -438.22     -398.16      104.24
   1781.97     -438.51     -398.44      104.31
   1784.01     -438.79     -398.72      104.38
   1786.05     -439.07     -398.99      104.46
   1788.09     -439.35     -399.27      104.53
   1790.13     -439.63     -399.54      104.60
   1792.17     -439.91     -399.82      104.67
   1794.21     -440.19     -400.09      104.75
   1796.26     -440.47     -400.36      104.82
   1798.30     -440.75     -400.64      104.89
   1800.34     -441.03     -400.91      104.96
   1802.38     -441.30     -401.18      105.04
   1804.42     -441.58     -401.46      105.11
   1806.46     -441.86     -401.73      105.18
   1808.50     -442.14     -402.00      105.25
   1810.54     -442.42     -402.27      105.33
   1812.59     -442.69     -402.55      105.40
   1814.63     -442.97     -402.82      105.47
   1816.67     -443.25     -403.09      105.54
   1818.71     -443.52     -403.36      105.61
   1820.75     -443.80     -403.63      105.69
   1822.79     -444.07     -403.90      105.76
   1824.83     -444.35     -404.17      105.83
   1826.87     -444.62     -404.44      105.90
   1828.92     -444.90     -404.71      105.97
   1830.96     -445.17     -404.98      106.04
   1833.00     -445.45     -405.25      106.11
   1835.04     -445.72     -405.52      106.19
   1837.08     -445.99     -405.79      106.26
   1839.12     -446.27     -406.05      106.33
   1841.16     -446.54     -406.32      106.40
   1843.20     -446.81     -406.59      106.47
   1845.24     -447.08     -406.86      106.54
   1847.29     -447.36     -407.12      106.61
   1849.33     -447.63     -407.39      106.68
   1851.37     -447.90     -407.66      106.75
   1853.41     -448.17     -407.92      106.82
   1855.45     -448.44     -408.19      106.89
   1857.49     -448.71     -408.46      106.96
   1859.53     -448.98     -408.72      107.04
   1861.57     -449.25     -408.99      107.11
   1863.62     -449.52     -409.25      107.18
   1865.66     -449.79     -409.52      107.25
   1867.70     -450.06     -409.78      107.32
   1869.74     -450.33     -410.05      107.39
   1871.78     -450.60     -410.31      107.46
   1873.82     -450.86     -410.57      107.53
   1875.86     -451.13     -410.84      107.60
   1877.90     -451.40     -411.10      107.67
   1879.95     -451.67     -411.36      107.74
   1881.99     -451.93     -411.63      107.80
   1884.03     -452.20     -411.89      107.87
   1886.07     -452.47     -412.15      107.94
   1888.11     -452.73     -412.41      108.01
   1890.15     -453.00     -412.67      108.08
   1892.19     -453.26     -412.93      108.15
   1894.23     -453.53     -413.20      108.22
   1896.27     -453.79     -413.46      108.29
   1898.32     -454.06     -413.72      108.36
   1900.36     -454.32     -413.98      108.43
   1902.40     -454.59     -414.24      108.50
   1904.44     -454.85     -414.50      108.57
   1906.48     -455.11     -414.76      108.63
   1908.52     -455.38     -415.01      108.70
   1910.56     -455.64     -415.27      108.77
   1912.60     -455.90     -415.53      108.84
   1914.65     -456.16     -415.79      108.91
   1916.69     -456.42     -416.05      108.98
   1918.73     -456.69     -416.31      109.05
   1920.77     -456.95     -416.56      109.11
   1922.81     -457.21     -416.82      109.18
   1924.85     -457.47     -417.08      109.25
   1926.89     -457.73     -417.33      109.32
   1928.93     -457.99     -417.59      109.39
   1930.98     -458.25     -417.85      109.45
   1933.02     -458.51     -418.10      109.52
   1935.06     -458.77     -418.36      109.59
   1937.10     -459.03     -418.61      109.66
   1939.14     -459.29     -418.87      109.73
   1941.18     -459.54     -419.12      109.79
   1943.22     -459.80     -419.38      109.86
   1945.26     -460.06     -419.63      109.93
   1947.30     -460.32     -419.89      110.00
   1949.35     -460.57     -420.14      110.06
   1951.39     -460.83     -420.39      110.13
   1953.43     -461.09     -420.65      110.20
   1955.47     -461.34     -420.90      110.26
   1957.51     -461.60     -421.15      110.33
   1959.55     -461.86     -421.40      110.40
   1961.59     -462.11     -421.66      110.47
   1963.63     -462.37     -421.91      110.53
   1965.68     -462.62     -422.16      110.60
   1967.72     -462.88     -422.41      110.67
   1969.76     -463.13     -422.66      110.73
   1971.80     -463.39     -422.91      110.80
   1973.84     -463.64     -423.16      110.87
   1975.88     -463.89     -423.41      110.93
   1977.92     -464.15     -423.66      111.00
   1979.96     -464.40     -423.91      111.06
   1982.01     -464.65     -424.16      111.13
   1984.05     -464.90     -424.41      111.20
   1986.09     -465.16     -424.66      111.26
   1988.13     -465.41     -424.91      111.33
   1990.17     -465.66     -425.16      111.39
   1992.21     -465.91     -425.41      111.46
   1994.25     -466.16     -425.66      111.53
   1996.29     -466.41     -425.90      111.59
   1998.33     -466.66     -426.15      111.66
   2000.38     -466.91     -426.40      111.72
   2002.42     -467.16     -426.65      111.79
   2004.46     -467.41     -426.89      111.85
   2006.50     -467.66     -427.14      111.92
   2008.54     -467.91     -427.38      111.98
   2010.58     -468.16     -427.63      112.05
   2012.62     -468.41     -427.88      112.12
   2014.66     -468.65     -428.12      112.18
   2016.71     -468.90     -428.37      112.25
   2018.75     -469.15     -428.61      112.31
   2020.79     -469.40     -428.86      112.38
   2022.83     -469.64     -429.10      112.44
   2024.87     -469.89     -429.34      112.50
   2026.91     -470.14     -429.59      112.57
   2028.95     -470.38     -429.83      112.63
   2030.99     -470.63     -430.08      112.70
   2033.04     -470.87     -430.32      112.76
   2035.08     -471.12     -430.56      112.83
   2037.12     -471.36     -430.80      112.89
   2039.16     -471.61     -431.05      112.96
   2041.20     -471.85     -431.29      113.02
